building dataset...
finding best params
Best: (65, 0.32222222222222224)
0.027706476503459095 (20, 0.1)
0.03659395912135917 (20, 0.14444444444444446)
0.03962069752716364 (20, 0.18888888888888888)
0.04656497072916033 (20, 0.23333333333333334)
0.04336646946056154 (20, 0.2777777777777778)
0.04509748809027429 (20, 0.32222222222222224)
0.04030511704853638 (20, 0.3666666666666667)
0.046084990219143716 (20, 0.4111111111111111)
0.04397471719736187 (20, 0.4555555555555556)
0.0377722811926237 (20, 0.5)
0.029239336923507508 (25, 0.1)
0.03545065629714306 (25, 0.14444444444444446)
0.04165687599279349 (25, 0.18888888888888888)
0.043999408629656164 (25, 0.23333333333333334)
0.04182324750586893 (25, 0.2777777777777778)
0.05012119187684261 (25, 0.32222222222222224)
0.04466361424194122 (25, 0.3666666666666667)
0.04578534451465891 (25, 0.4111111111111111)
0.04150161479041241 (25, 0.4555555555555556)
0.041251758107862926 (25, 0.5)
0.028529550704621966 (30, 0.1)
0.035502537267697885 (30, 0.14444444444444446)
0.03912831929069405 (30, 0.18888888888888888)
0.04498743678683296 (30, 0.23333333333333334)
0.0452398318337011 (30, 0.2777777777777778)
0.05425465062745806 (30, 0.32222222222222224)
0.04599337901954973 (30, 0.3666666666666667)
0.0476958842648491 (30, 0.4111111111111111)
0.043976609773315106 (30, 0.4555555555555556)
0.0425133518417716 (30, 0.5)
0.02962989294652506 (35, 0.1)
0.034362589938102546 (35, 0.14444444444444446)
0.04449468475292192 (35, 0.18888888888888888)
0.045845948051670735 (35, 0.23333333333333334)
0.04855397248413393 (35, 0.2777777777777778)
0.05043453111044085 (35, 0.32222222222222224)
0.049821402992405964 (35, 0.3666666666666667)
0.04839310281202661 (35, 0.4111111111111111)
0.043265845683670874 (35, 0.4555555555555556)
0.04312527580666897 (35, 0.5)
0.030959110742750345 (40, 0.1)
0.03726824713614304 (40, 0.14444444444444446)
0.04368835073037235 (40, 0.18888888888888888)
0.04700739462752664 (40, 0.23333333333333334)
0.044754662831110736 (40, 0.2777777777777778)
0.054256955409465256 (40, 0.32222222222222224)
0.04902919339173861 (40, 0.3666666666666667)
0.04936367069286774 (40, 0.4111111111111111)
0.04327029221022545 (40, 0.4555555555555556)
0.04288628866047263 (40, 0.5)
0.03201280548444927 (45, 0.1)
0.03880712873063849 (45, 0.14444444444444446)
0.04646111893878295 (45, 0.18888888888888888)
0.04693999142071016 (45, 0.23333333333333334)
0.045789895549619805 (45, 0.2777777777777778)
0.05494812100815031 (45, 0.32222222222222224)
0.05029222520267762 (45, 0.3666666666666667)
0.05265017877806114 (45, 0.4111111111111111)
0.04334643087043601 (45, 0.4555555555555556)
0.04454068429859529 (45, 0.5)
0.03383061862810473 (50, 0.1)
0.04029269942885719 (50, 0.14444444444444446)
0.047014343097600206 (50, 0.18888888888888888)
0.04569195265809195 (50, 0.23333333333333334)
0.046297978929589076 (50, 0.2777777777777778)
0.05502928532153879 (50, 0.32222222222222224)
0.04957789493857611 (50, 0.3666666666666667)
0.053168825356955496 (50, 0.4111111111111111)
0.046777244656426145 (50, 0.4555555555555556)
0.044289872357047885 (50, 0.5)
0.03557233549680221 (55, 0.1)
0.041904608078406576 (55, 0.14444444444444446)
0.04671132922379906 (55, 0.18888888888888888)
0.04626429906729279 (55, 0.23333333333333334)
0.045617237112281286 (55, 0.2777777777777778)
0.05615343739014751 (55, 0.32222222222222224)
0.04949139694234748 (55, 0.3666666666666667)
0.053316787573108496 (55, 0.4111111111111111)
0.04691431539553225 (55, 0.4555555555555556)
0.04206997181417689 (55, 0.5)
0.0360223842508506 (60, 0.1)
0.04277516584625529 (60, 0.14444444444444446)
0.04603777602555503 (60, 0.18888888888888888)
0.04600784955715333 (60, 0.23333333333333334)
0.04511491647501638 (60, 0.2777777777777778)
0.056094940869319584 (60, 0.32222222222222224)
0.049832115688301336 (60, 0.3666666666666667)
0.05365982048871174 (60, 0.4111111111111111)
0.046760199842044256 (60, 0.4555555555555556)
0.041973389883002366 (60, 0.5)
0.0365265982333676 (65, 0.1)
0.0428605544547975 (65, 0.14444444444444446)
0.04625779154161759 (65, 0.18888888888888888)
0.04592180126711175 (65, 0.23333333333333334)
0.047276375326572535 (65, 0.2777777777777778)
0.05621891726436993 (65, 0.32222222222222224)
0.04848309032427634 (65, 0.3666666666666667)
0.054499522902457256 (65, 0.4111111111111111)
0.04854132710295876 (65, 0.4555555555555556)
0.04274503452562845 (65, 0.5)
0.036489139799271625 (70, 0.1)
0.042904494872467 (70, 0.14444444444444446)
0.04621229722851543 (70, 0.18888888888888888)
0.046253325054566585 (70, 0.23333333333333334)
0.04821686604549833 (70, 0.2777777777777778)
0.05617251815108567 (70, 0.32222222222222224)
0.04833244337209473 (70, 0.3666666666666667)
0.05456683437873642 (70, 0.4111111111111111)
0.04867374195230045 (70, 0.4555555555555556)
0.04291764481633001 (70, 0.5)
0.038047204413099237 (75, 0.1)
0.04291573893086207 (75, 0.14444444444444446)
0.04348204602475768 (75, 0.18888888888888888)
0.04560501557031828 (75, 0.23333333333333334)
0.049759251700913464 (75, 0.2777777777777778)
0.05574499658746325 (75, 0.32222222222222224)
0.04839652725779088 (75, 0.3666666666666667)
0.0539039922464419 (75, 0.4111111111111111)
0.05021536180848317 (75, 0.4555555555555556)
0.04367856679115188 (75, 0.5)
0.037752247100157524 (80, 0.1)
0.043305149364574115 (80, 0.14444444444444446)
0.043916058607226235 (80, 0.18888888888888888)
0.04568190616246961 (80, 0.23333333333333334)
0.04988282768361303 (80, 0.2777777777777778)
0.05595820054456766 (80, 0.32222222222222224)
0.0487263545634782 (80, 0.3666666666666667)
0.05300524448511099 (80, 0.4111111111111111)
0.0500187573826835 (80, 0.4555555555555556)
0.04371209264269227 (80, 0.5)
0.037508725871019846 (85, 0.1)
0.043405925116462234 (85, 0.14444444444444446)
0.04435797207440352 (85, 0.18888888888888888)
0.04592969440809355 (85, 0.23333333333333334)
0.04980828116620821 (85, 0.2777777777777778)
0.05518006256204113 (85, 0.32222222222222224)
0.049341464748842656 (85, 0.3666666666666667)
0.052402159835025816 (85, 0.4111111111111111)
0.050362368857037335 (85, 0.4555555555555556)
0.04486592425016041 (85, 0.5)
0.037285623550410166 (90, 0.1)
0.04187844288224194 (90, 0.14444444444444446)
0.044809601967196036 (90, 0.18888888888888888)
0.04580658524891664 (90, 0.23333333333333334)
0.05017364230173155 (90, 0.2777777777777778)
0.05505475292321926 (90, 0.32222222222222224)
0.04930083515301947 (90, 0.3666666666666667)
0.05250616731764372 (90, 0.4111111111111111)
0.050905980860926445 (90, 0.4555555555555556)
0.04495447805481526 (90, 0.5)
0.037431202367358314 (95, 0.1)
0.04180391716649492 (95, 0.14444444444444446)
0.045757557647497164 (95, 0.18888888888888888)
0.04493997954176378 (95, 0.23333333333333334)
0.05020751034775521 (95, 0.2777777777777778)
0.05503921583525353 (95, 0.32222222222222224)
0.04918563103461964 (95, 0.3666666666666667)
0.05287962436562336 (95, 0.4111111111111111)
0.05141375924087856 (95, 0.4555555555555556)
0.0487026317494063 (95, 0.5)
